a <- 12123 # wrong
b <- 2
